1
SmallTankCellFlag@2x.packed.webp
360 144
17
706 0 348 132 6 6 0 frame0
1056 0 348 132 6 6 0 frame1
1406 0 348 132 6 6 0 frame2
706 134 348 132 6 6 0 frame3
356 137 348 132 6 6 0 frame4
1056 400 342 125 9 9 0 frame5
0 140 348 132 6 6 0 frame6
356 0 348 135 6 5 0 frame7
0 0 354 138 3 3 0 frame8
1056 134 348 132 6 6 0 frame9
1056 268 350 130 6 7 0 frame10
1406 134 348 132 6 6 0 frame11
706 268 348 132 6 6 0 frame12
350 271 348 132 6 6 0 frame13
0 274 345 130 8 6 0 frame14
1408 268 350 128 6 8 0 frame15
1408 398 350 128 6 8 0 frame16
