1
SmallTankCellFlag.packed.webp
180 72
17
353 0 174 66 3 3 0 frame0
528 0 174 66 3 3 0 frame1
703 0 174 66 3 3 0 frame2
353 67 174 66 3 3 0 frame3
178 69 174 66 3 3 0 frame4
528 100 171 125 5 5 0 frame5
0 70 174 66 3 3 0 frame6
178 0 174 68 3 3 0 frame7
0 0 177 69 2 2 0 frame8
528 67 174 66 3 3 0 frame9
528 134 175 65 3 4 0 frame10
703 67 174 66 3 3 0 frame11
353 134 174 66 3 3 0 frame12
175 136 174 66 3 3 0 frame13
0 137 173 65 4 3 0 frame14
704 134 175 64 3 4 0 frame15
704 199 175 64 3 4 0 frame16
